------------------------------------------------------------------------------------------
| Buto numeris | Bendras plotas | Kambarių skaičius | Pardavimo kaina | Telefono numeris |
------------------------------------------------------------------------------------------
|           45 |            153 |                 2 |           10002 |         86483568 |
|           28 |            154 |                 4 |           69001 |          8648135 |
|            1 |            205 |                 4 |            1000 |          8648159 |
|            2 |             25 |                 6 |              15 |          8648174 |
|            3 |             65 |                 4 |            1880 |          8648132 |
|           26 |             82 |                 5 |            1999 |          8648141 |
|           27 |             13 |                 5 |            2000 |          8648165 |
|           54 |             18 |                 5 |            7000 |          8648185 |
|           55 |             17 |                 4 |            5540 |          8648133 |
|          108 |             55 |                 5 |             420 |          8648134 |
